0 Minifig Hips without Decorated Surfaces (two: belt AND crotch)
0 Name: s\3815s02.dat
0 Author: Steve Bliss 
0 Author: Chris Dee (chris_w_dee@hotmail.com)
0 Author: Joshua Delahunty (added crotch surface as decoration point)
0 !LDRAW_ORG Unofficial_Subpart

0 BFC CERTIFY CW

0 // 1998-12-11 CWD created subpart
0 // 2002-06-10 CWD updated studs with those developed by Mark Kennedy
0 // 2002-06-10 CWD made BFC compliant ?????
0 // 2004-06-15 Niels Karsdorp BFC'd


2 24 -18 0 -10 18 0 -10
2 24 18 0 -10 18 0 10
2 24 18 0 10 -18 0 10
2 24 -18 0 10 -18 0 -10
2 24 -18 0 -10 -18 6 -10
2 24 18 0 -10 18 6 -10
2 24 -18 6 -10 18 6 -10

2 24 -18 0 10 -18 6 10
2 24 18 0 10 18 6 10
2 24 -18 6 10 18 6 10
4 16 -18 0 10 -18 6 10 18 6 10 18 0 10
2 24 18 6 10 18 6 6.51
2 24 18 6 6.51 18 5.7 6.3
2 24 18 5.7 6.3 18 3.72 3.42
2 24 18 3.72 3.42 18 3 0
2 24 18 3 0 18 3.72 -3.42
2 24 18 3.72 -3.42 18 5.7 -6.3
2 24 18 5.7 -6.3 18 6 -6.51
2 24 18 6 -6.51 18 6 -10
4 16 18 6 10 18 6 6.51 18 0 6.51 18 0 10
4 16 18 6 6.51 18 5.7 6.3 18 0 6.3 18 0 6.51
4 16 18 5.7 6.3 18 3.72 3.42 18 0 3.42 18 0 6.3
4 16 18 3.72 3.42 18 3 0 18 0 0 18 0 3.42
4 16 18 3 0 18 3.72 -3.42 18 0 -3.42 18 0 0
4 16 18 3.72 -3.42 18 5.7 -6.3 18 0 -6.3 18 0 -3.42
4 16 18 5.7 -6.3 18 6 -6.51 18 0 -6.51 18 0 -6.3
4 16 18 6 -6.51 18 6 -10 18 0 -10 18 0 -6.51
2 24 -18 6 10 -18 6 6.51
2 24 -18 6 6.51 -18 5.7 6.3
2 24 -18 5.7 6.3 -18 3.72 3.42
2 24 -18 3.72 3.42 -18 3 0
2 24 -18 3 0 -18 3.72 -3.42
2 24 -18 3.72 -3.42 -18 5.7 -6.3
2 24 -18 5.7 -6.3 -18 6 -6.51
2 24 -18 6 -6.51 -18 6 -10
4 16 -18 0 6.51 -18 6 6.51 -18 6 10 -18 0 10
4 16 -18 0 6.3 -18 5.7 6.3 -18 6 6.51 -18 0 6.51
4 16 -18 0 3.42 -18 3.72 3.42 -18 5.7 6.3 -18 0 6.3
4 16 -18 0 0 -18 3 0 -18 3.72 3.42 -18 0 3.42
4 16 -18 0 -3.42 -18 3.72 -3.42 -18 3 0 -18 0 0
4 16 -18 0 -6.3 -18 5.7 -6.3 -18 3.72 -3.42 -18 0 -3.42
4 16 -18 0 -6.51 -18 6 -6.51 -18 5.7 -6.3 -18 0 -6.3
4 16 -18 0 -10 -18 6 -10 -18 6 -6.51 -18 0 -6.51
2 24 -18 6 6.51 18 6 6.51
2 24 -18 6 -6.51 18 6 -6.51
4 16 -18 6 10 -18 6 6.51 18 6 6.51 18 6 10
4 16 -18 6 6.51 -18 5.7 6.3 18 5.7 6.3 18 6 6.51
4 16 -18 5.7 6.3 -18 3.72 3.42 18 3.72 3.42 18 5.7 6.3
4 16 -18 3.72 3.42 -18 3 0 18 3 0 18 3.72 3.42
4 16 -18 3 0 -18 3.72 -3.42 18 3.72 -3.42 18 3 0
4 16 -18 3.72 -3.42 -18 5.7 -6.3 18 5.7 -6.3 18 3.72 -3.42
4 16 -18 5.7 -6.3 -18 6 -6.51 18 6 -6.51 18 5.7 -6.3
4 16 18 6 -6.51 -18 6 -6.51 -18 6 -10 18 6 -10
0
1 16 0 0 0 18 0 0 0 1 0 0 0 10 rect.dat
2 24 6.54 0 -6 5.52 0 -4.48
2 24 5.52 0 -4.48 4 0 -3.46
2 24 4 0 3.46 5.52 0 4.48
2 24 5.52 0 4.48 6.54 0 6
2 24 13.46 0 6 14.48 0 4.48
2 24 14.48 0 4.48 16 0 3.46
2 24 16 0 -3.46 14.48 0 -4.48
2 24 14.48 0 -4.48 13.46 0 -6
2 24 16 -4 3.46 14.48 -11 4.48
2 24 16 -4 -3.46 14.48 -11 -4.48
2 24 14.48 -11 -4.48 13.46 -11 -6
2 24 6.54 -11 -6 5.52 -11 -4.48
2 24 5.52 -11 -4.48 4 -11 -3.46
2 24 4 -11 3.46 5.52 -11 4.48
2 24 5.52 -11 4.48 6.54 -11 6
2 24 13.46 -11 6 14.48 -11 4.48
2 24 14.48 -11 4.48 14.48 -11 -4.48
2 24 16 -4 -3.46 16 -4 3.46
0
1 16 10 -5.5 6 3.46 0 0 0 0 5.5 0 -1 0 rect.dat
1 16 4 -5.5 0 0 1 0 0 0 5.5 3.46 0 0 rect.dat
1 16 10 -5.5 -6 3.46 0 0 0 0 -5.5 0 1 0 rect.dat
1 16 16 -2 0 0 -1 0 0 0 2 -3.46 0 0 rect.dat
1 16 12.8 -5.5 0 0 1 0 0 0 5.5 2.8 0 0 rect.dat
0
4 16 14.48 0 -4.48 13.46 0 -6 13.46 -11 -6 14.48 -11 -4.48
4 16 6.54 0 -6 5.52 0 -4.48 5.52 -11 -4.48 6.54 -11 -6
4 16 5.52 0 -4.48 4 0 -3.46 4 -11 -3.46 5.52 -11 -4.48
4 16 4 0 3.46 5.52 0 4.48 5.52 -11 4.48 4 -11 3.46
4 16 5.52 0 4.48 6.54 0 6 6.54 -11 6 5.52 -11 4.48
4 16 13.46 0 6 14.48 0 4.48 14.48 -11 4.48 13.46 -11 6
4 16 14.48 0 4.48 16 0 3.46 16 -4 3.46 14.48 -11 4.48
4 16 14.48 -11 4.48 16 -4 3.46 16 -4 -3.46 14.48 -11 -4.48
4 16 16 0 -3.46 14.48 0 -4.48 14.48 -11 -4.48 16 -4 -3.46
4 16 14.48 -11 -4.48 12.80 -11 -2.80 12.80 -11 2.80 14.48 -11 4.48
4 16 12.80 -11 2.80 11.52 -11 3.68 13.46 -11 6 14.48 -11 4.48
4 16 11.52 -11 3.68 10 -11 4 10 -11 6 13.46 -11 6
4 16 10 -11 4 8.48 -11 3.68 6.54 -11 6 10 -11 6
4 16 8.48 -11 3.68 7.20 -11 2.80 5.52 -11 4.48 6.54 -11 6
4 16 7.20 -11 2.80 6.32 -11 1.52 4 -11 3.46 5.52 -11 4.48
4 16 6.32 -11 1.52 6 -11 0 4 -11 0 4 -11 3.46
4 16 6 -11 0 6.32 -11 -1.52 4 -11 -3.46 4 -11 0
4 16 6.32 -11 -1.52 7.20 -11 -2.80 5.52 -11 -4.48 4 -11 -3.46
4 16 7.20 -11 -2.80 8.48 -11 -3.68 6.54 -11 -6 5.52 -11 -4.48
4 16 8.48 -11 -3.68 10 -11 -4 10 -11 -6 6.54 -11 -6
4 16 10 -11 -4 11.52 -11 -3.68 13.46 -11 -6 10 -11 -6
4 16 11.52 -11 -3.68 12.80 -11 -2.80 14.48 -11 -4.48 13.46 -11 -6
0 BFC INVERTNEXT
1 16 10 -11 0 2.8 0 -2.8 0 11 0 -2.8 0 -2.8 3-4cyli.dat
1 16 10 -11 0 2.8 0 -2.8 0 1 0 2.8 0 2.8 3-4edge.dat
1 16 10 0 0 2.8 0 -2.8 0 1 0 2.8 0 2.8 3-4edge.dat
0
2 24 -6.54 0 -6 -5.52 0 -4.48
2 24 -5.52 0 -4.48 -4 0 -3.46
2 24 -4 0 3.46 -5.52 0 4.48
2 24 -5.52 0 4.48 -6.54 0 6
2 24 -13.46 0 6 -14.48 0 4.48
2 24 -14.48 0 4.48 -16 0 3.46
2 24 -16 0 -3.46 -14.48 0 -4.48
2 24 -14.48 0 -4.48 -13.46 0 -6
2 24 -16 -4 3.46 -14.48 -11 4.48
2 24 -16 -4 -3.46 -14.48 -11 -4.48
2 24 -14.48 -11 -4.48 -13.46 -11 -6
2 24 -5.52 -11 -4.48 -6.54 -11 -6
2 24 -4 -11 -3.46 -5.52 -11 -4.48
2 24 -4 -11 3.46 -5.52 -11 4.48
2 24 -5.52 -11 4.48 -6.54 -11 6
2 24 -13.46 -11 6 -14.48 -11 4.48
2 24 -14.48 -11 4.48 -14.48 -11 -4.48
0
1 16 -10 -5.5 6 3.46 0 0 0 0 5.5 0 -1 0 rect.dat
1 16 -4 -5.5 0 0 -1 0 0 0 5.5 -3.46 0 0 rect.dat
1 16 -10 -5.5 -6 3.46 0 0 0 0 -5.5 0 1 0 rect.dat
1 16 -16 -2 0 0 1 0 0 0 2 3.46 0 0 rect.dat
1 16 -12.8 -5.5 0 0 -1 0 0 0 5.5 -2.8 0 0 rect.dat
0
4 16 -13.46 -11 -6 -13.46 0 -6 -14.48 0 -4.48 -14.48 -11 -4.48
4 16 -5.52 -11 -4.48 -5.52 0 -4.48 -6.54 0 -6 -6.54 -11 -6
4 16 -4 -11 -3.46 -4 0 -3.46 -5.52 0 -4.48 -5.52 -11 -4.48
4 16 -5.52 -11 4.48 -5.52 0 4.48 -4 0 3.46 -4 -11 3.46
4 16 -6.54 -11 6 -6.54 0 6 -5.52 0 4.48 -5.52 -11 4.48
4 16 -14.48 -11 4.48 -14.48 0 4.48 -13.46 0 6 -13.46 -11 6
4 16 -16 -4 3.46 -16 0 3.46 -14.48 0 4.48 -14.48 -11 4.48
4 16 -16 -4 -3.46 -16 -4 3.46 -14.48 -11 4.48 -14.48 -11 -4.48
4 16 -14.48 -11 -4.48 -14.48 0 -4.48 -16 0 -3.46 -16 -4 -3.46
4 16 -12.8 -11 2.8 -12.8 -11 -2.8 -14.48 -11 -4.48 -14.48 -11 4.48
4 16 -13.46 -11 6 -11.52 -11 3.68 -12.8 -11 2.8 -14.48 -11 4.48
4 16 -10 -11 6 -10 -11 4 -11.52 -11 3.68 -13.46 -11 6
4 16 -6.54 -11 6 -8.48 -11 3.68 -10 -11 4 -10 -11 6
4 16 -5.52 -11 4.48 -7.2 -11 2.8 -8.48 -11 3.68 -6.54 -11 6
4 16 -4 -11 3.46 -6.32 -11 1.52 -7.2 -11 2.8 -5.52 -11 4.48
4 16 -4 -11 0 -6 -11 0 -6.32 -11 1.52 -4 -11 3.46
4 16 -4 -11 -3.46 -6.32 -11 -1.52 -6 -11 0 -4 -11 0
4 16 -5.52 -11 -4.48 -7.2 -11 -2.8 -6.32 -11 -1.52 -4 -11 -3.46
4 16 -6.54 -11 -6 -8.48 -11 -3.68 -7.2 -11 -2.8 -5.52 -11 -4.48
4 16 -10 -11 -6 -10 -11 -4 -8.48 -11 -3.68 -6.54 -11 -6
4 16 -13.46 -11 -6 -11.52 -11 -3.68 -10 -11 -4 -10 -11 -6
4 16 -14.48 -11 -4.48 -12.8 -11 -2.8 -11.52 -11 -3.68 -13.46 -11 -6
0 BFC INVERTNEXT
1 16 -10 -11 0 -2.8 0 2.8 0 11 0 2.8 0 2.8 3-4cyli.dat
1 16 -10 -11 0 -2.8 0 2.8 0 1 0 2.8 0 2.8 3-4edge.dat
1 16 -10 0 0 -2.8 0 2.8 0 1 0 2.8 0 2.8 3-4edge.dat
0
0 old studs deleted
0 2 24 13.464 0 -6 6.536 0 -6
0 2 24 6.536 0 -6 5.518 0 -4.482
0 2 24 5.518 0 -4.482 4 0 -3.464
0 2 24 4 0 -3.464 4 0 3.464
0 2 24 4 0 3.464 5.518 0 4.482
0 2 24 5.518 0 4.482 6.536 0 6
0 2 24 6.536 0 6 13.464 0 6
0 2 24 13.464 0 6 14.482 0 4.482
0 2 24 14.482 0 4.482 16 0 3.464
0 2 24 16 0 3.464 16 0 -3.464
0 2 24 16 0 -3.464 14.482 0 -4.482
0 2 24 14.482 0 -4.482 13.464 0 -6
0 2 24 13.464 0 -6 13.464 -11 -6
0 2 24 6.536 0 -6 6.536 -11 -6
0 2 24 4 0 -3.464 4 -11 -3.464
0 2 24 4 0 3.464 4 -11 3.464
0 2 24 6.536 0 6 6.536 -11 6
0 2 24 13.464 0 6 13.464 -11 6
0 2 24 16 0 3.464 16 -4 3.464
0 2 24 16 -4 3.464 14.482 -11 4.482
0 2 24 16 0 -3.464 16 -4 -3.464
0 2 24 16 -4 -3.464 14.482 -11 -4.482
0 2 24 14.482 -11 -4.482 13.464 -11 -6
0 2 24 13.464 -11 -6 6.536 -11 -6
0 2 24 6.536 -11 -6 5.518 -11 -4.482
0 2 24 5.518 -11 -4.482 4 -11 -3.464
0 2 24 4 -11 -3.464 4 -11 3.464
0 2 24 4 -11 3.464 5.518 -11 4.482
0 2 24 5.518 -11 4.482 6.536 -11 6
0 2 24 6.536 -11 6 13.464 -11 6
0 2 24 13.464 -11 6 14.482 -11 4.482
0 2 24 14.482 -11 4.482 14.482 -11 -4.482
0 2 24 16 -4 -3.464 16 -4 3.464
0 4 16 14.482 0 -4.482 13.464 0 -6 13.464 -11 -6 14.482 -11 -4.482
0 4 16 13.464 0 -6 6.536 0 -6 6.536 -11 -6 13.464 -11 -6
0 4 16 6.536 0 -6 5.518 0 -4.482 5.518 -11 -4.482 6.536 -11 -6
0 4 16 5.518 0 -4.482 4 0 -3.464 4 -11 -3.464 5.518 -11 -4.482
0 4 16 4 0 -3.464 4 0 3.464 4 -11 3.464 4 -11 -3.464
0 4 16 4 0 3.464 5.518 0 4.482 5.518 -11 4.482 4 -11 3.464
0 4 16 5.518 0 4.482 6.536 0 6 6.536 -11 6 5.518 -11 4.482
0 4 16 6.536 0 6 13.464 0 6 13.464 -11 6 6.536 -11 6
0 4 16 13.464 0 6 14.482 0 4.482 14.482 -11 4.482 13.464 -11 6
0 4 16 14.482 0 4.482 16 0 3.464 16 -4 3.464 14.482 -4 4.482
0 3 16 14.482 -4 4.482 16 -4 3.464 14.482 -11 4.482
0 4 16 16 0 -3.464 16 0 3.464 16 -4 3.464 16 -4 -3.464
0 4 16 16 -4 -3.464 16 -4 3.464 14.482 -11 4.482 14.482 -11 -4.482
0 4 16 16 0 -3.464 14.482 0 -4.482 14.482 -4 -4.482 16 -4 -3.464
0 3 16 14.482 -4 -4.482 16 -4 -3.464 14.482 -11 -4.482
0 4 16 14 -11 0 13.68 -11 1.52 14.482 -11 4.482 14.482 -11 0
0 3 16 13.68 -11 1.52 12.8 -11 2.8 14.482 -11 4.482
0 4 16 12.8 -11 2.8 11.52 -11 3.68 13.464 -11 6 14.482 -11 4.482
0 4 16 11.52 -11 3.68 10 -11 4 10 -11 6 13.464 -11 6
0 4 16 10 -11 4 8.48 -11 3.68 6.536 -11 6 10 -11 6
0 4 16 8.48 -11 3.68 7.2 -11 2.8 5.518 -11 4.482 6.536 -11 6
0 4 16 7.2 -11 2.8 6.32 -11 1.52 4 -11 3.464 5.518 -11 4.482
0 4 16 6.32 -11 1.52 6 -11 0 4 -11 0 4 -11 3.464
0 4 16 6 -11 0 6.32 -11 -1.52 4 -11 -3.464 4 -11 0
0 4 16 6.32 -11 -1.52 7.2 -11 -2.8 5.518 -11 -4.482 4 -11 -3.464
0 4 16 7.2 -11 -2.8 8.48 -11 -3.68 6.536 -11 -6 5.518 -11 -4.482
0 4 16 8.48 -11 -3.68 10 -11 -4 10 -11 -6 6.536 -11 -6
0 4 16 10 -11 -4 11.52 -11 -3.68 13.464 -11 -6 10 -11 -6
0 4 16 11.52 -11 -3.68 12.8 -11 -2.8 14.482 -11 -4.482 13.464 -11 -6
0 3 16 12.8 -11 -2.8 13.68 -11 -1.52 14.482 -11 -4.482
0 4 16 13.68 -11 -1.52 14 -11 0 14.482 -11 0 14.482 -11 -4.482
0 1 16 10 -11 0 2.84 0 -2.84 0 11 0 2.84 0 2.84 3-4cyli.dat
0 1 16 10 -11 0 2.84 0 -2.84 0 0 0 2.84 0 2.84 3-4edge.dat
0 1 16 10 0 0 2.84 0 -2.84 0 0 0 2.84 0 2.84 3-4edge.dat
0 2 24 12.84 -11 2.24 12.84 -11 -2.84
0 2 24 12.84 0 2.24 12.84 0 -2.84
0 4 16 12.84 -11 2.24 12.84 -11 -2.84 12.84 0 -2.84 12.84 0 2.24
0 2 24 -13.464 0 -6 -6.536 0 -6
0 2 24 -6.536 0 -6 -5.518 0 -4.482
0 2 24 -5.518 0 -4.482 -4 0 -3.464
0 2 24 -4 0 -3.464 -4 0 3.464
0 2 24 -4 0 3.464 -5.518 0 4.482
0 2 24 -5.518 0 4.482 -6.536 0 6
0 2 24 -6.536 0 6 -13.464 0 6
0 2 24 -13.464 0 6 -14.482 0 4.482
0 2 24 -14.482 0 4.482 -16 0 3.464
0 2 24 -16 0 3.464 -16 0 -3.464
0 2 24 -16 0 -3.464 -14.482 0 -4.482
0 2 24 -14.482 0 -4.482 -13.464 0 -6
0 2 24 -13.464 0 -6 -13.464 -11 -6
0 2 24 -6.536 0 -6 -6.536 -11 -6
0 2 24 -4 0 -3.464 -4 -11 -3.464
0 2 24 -4 0 3.464 -4 -11 3.464
0 2 24 -6.536 0 6 -6.536 -11 6
0 2 24 -13.464 0 6 -13.464 -11 6
0 2 24 -16 0 3.464 -16 -4 3.464
0 2 24 -16 -4 3.464 -14.482 -11 4.482
0 2 24 -16 0 -3.464 -16 -4 -3.464
0 2 24 -16 -4 -3.464 -14.482 -11 -4.482
0 2 24 -14.482 -11 -4.482 -13.464 -11 -6
0 2 24 -13.464 -11 -6 -6.536 -11 -6
0 2 24 -6.536 -11 -6 -5.518 -11 -4.482
0 2 24 -5.518 -11 -4.482 -4 -11 -3.464
0 2 24 -4 -11 -3.464 -4 -11 3.464
0 2 24 -4 -11 3.464 -5.518 -11 4.482
0 2 24 -5.518 -11 4.482 -6.536 -11 6
0 2 24 -6.536 -11 6 -13.464 -11 6
0 2 24 -13.464 -11 6 -14.482 -11 4.482
0 2 24 -14.482 -11 4.482 -14.482 -11 -4.482
0 2 24 -16 -4 -3.464 -16 -4 3.464
0 4 16 -14.482 0 -4.482 -13.464 0 -6 -13.464 -11 -6 -14.482 -11 -4.482
0 4 16 -13.464 0 -6 -6.536 0 -6 -6.536 -11 -6 -13.464 -11 -6
0 4 16 -6.536 0 -6 -5.518 0 -4.482 -5.518 -11 -4.482 -6.536 -11 -6
0 4 16 -5.518 0 -4.482 -4 0 -3.464 -4 -11 -3.464 -5.518 -11 -4.482
0 4 16 -4 0 -3.464 -4 0 3.464 -4 -11 3.464 -4 -11 -3.464
0 4 16 -4 0 3.464 -5.518 0 4.482 -5.518 -11 4.482 -4 -11 3.464
0 4 16 -5.518 0 4.482 -6.536 0 6 -6.536 -11 6 -5.518 -11 4.482
0 4 16 -6.536 0 6 -13.464 0 6 -13.464 -11 6 -6.536 -11 6
0 4 16 -13.464 0 6 -14.482 0 4.482 -14.482 -11 4.482 -13.464 -11 6
0 4 16 -14.482 0 4.482 -16 0 3.464 -16 -4 3.464 -14.482 -4 4.482
0 3 16 -14.482 -4 4.482 -16 -4 3.464 -14.482 -11 4.482
0 4 16 -16 0 -3.464 -16 0 3.464 -16 -4 3.464 -16 -4 -3.464
0 4 16 -16 -4 -3.464 -16 -4 3.464 -14.482 -11 4.482 -14.482 -11 -4.482
0 4 16 -16 0 -3.464 -14.482 0 -4.482 -14.482 -4 -4.482 -16 -4 -3.464
0 3 16 -14.482 -4 -4.482 -14.482 -11 -4.482 -16 -4 -3.464
0 4 16 -14 -11 0 -13.68 -11 1.52 -14.482 -11 4.482 -14.482 -11 0
0 3 16 -13.68 -11 1.52 -12.8 -11 2.8 -14.482 -11 4.482
0 4 16 -12.8 -11 2.8 -11.52 -11 3.68 -13.464 -11 6 -14.482 -11 4.482
0 4 16 -11.52 -11 3.68 -10 -11 4 -10 -11 6 -13.464 -11 6
0 4 16 -10 -11 4 -8.48 -11 3.68 -6.536 -11 6 -10 -11 6
0 4 16 -8.48 -11 3.68 -7.2 -11 2.8 -5.518 -11 4.482 -6.536 -11 6
0 4 16 -7.2 -11 2.8 -6.32 -11 1.52 -4 -11 3.464 -5.518 -11 4.482
0 4 16 -6.32 -11 1.52 -6 -11 0 -4 -11 0 -4 -11 3.464
0 4 16 -6 -11 0 -6.32 -11 -1.52 -4 -11 -3.464 -4 -11 0
0 4 16 -6.32 -11 -1.52 -7.2 -11 -2.8 -5.518 -11 -4.482 -4 -11 -3.464
0 4 16 -7.2 -11 -2.8 -8.48 -11 -3.68 -6.536 -11 -6 -5.518 -11 -4.482
0 4 16 -8.48 -11 -3.68 -10 -11 -4 -10 -11 -6 -6.536 -11 -6
0 4 16 -10 -11 -4 -11.52 -11 -3.68 -13.464 -11 -6 -10 -11 -6
0 4 16 -11.52 -11 -3.68 -12.8 -11 -2.8 -14.482 -11 -4.482 -13.464 -11 -6
0 3 16 -12.8 -11 -2.8 -13.68 -11 -1.52 -14.482 -11 -4.482
0 4 16 -13.68 -11 -1.52 -14 -11 0 -14.482 -11 0 -14.482 -11 -4.482
0 1 16 -10 -11 0 -2.84 0 2.84 0 11 0 2.84 0 2.84 3-4cyli.dat
0 1 16 -10 -11 0 -2.84 0 2.84 0 0 0 2.84 0 2.84 3-4edge.dat
0 1 16 -10 0 0 -2.84 0 2.84 0 0 0 2.84 0 2.84 3-4edge.dat
0 2 24 -12.84 -11 2.24 -12.84 -11 -2.84
0 2 24 -12.84 0 2.24 -12.84 0 -2.84
0 2 24 -12.84 -11 2.24 -12.84 0 2.24
0 2 24 -12.84 -11 -2.84 -12.84 0 -2.84
0 4 14 -12.84 -11 2.24 -12.84 -11 -2.84 -12.84 0 -2.84 -12.84 0 2.24

0 The cylinder for the decoratable "crotch"
0 - 1 16  -2 12 0  0 4 0  9 0 0  0 0 9  4-4cyli.dat
0 - I took the original 4-4cyli that was here, which was rotZ(90dg)*scaleX(4)*scaleY(9)*scaleZ(9)
0 - and converted to a 3-4cyli to open the panel where decoration was needed.
0 - that had the opening in the lower front quadrant, and I needed to rotate it up by 45deg.
0 - so the new orientation is rotY(45dg)*rotZ(-90dg)*scaleX(4)*scaleY(9)*scaleZ(9)
0 - --joshua delahunty
0 -
0 - note: the complementary section to place into your part file for decoration is:
0 1 4  -2 12 0  0 4 0  6.3939 0 -6.3939  -6.3939 0 -6.3939  1-4cyli.dat

1 16  -2 12 0  0 4 0  -6.3939 0 -6.3939  -6.3939 0 6.3939  3-4cyli.dat

1 16 -2 12 0 0 1 0 9 0 0 0 0 9 4-4edge.dat
1 16 2 12 0 0 1 0 9 0 0 0 0 9 4-4edge.dat
1 16 -2 12 0 0 1 0 9 0 0 0 0 -9 4-4disc.dat
1 16 2 12 0 0 -1 0 9 0 0 0 0 9 4-4disc.dat
1 16 -9.92 12 0 0 19.84 0 3 0 0 0 0 3 4-4cyli.dat
1 16 -9.92 12 0 0 1 0 3 0 0 0 0 3 4-4edge.dat
1 16 -9.92 12 0 0 1 0 3 0 0 0 0 -3 4-4disc.dat
1 16 9.92 12 0 0 1 0 3 0 0 0 0 3 4-4edge.dat
1 16 9.92 12 0 0 -1 0 3 0 0 0 0 3 4-4disc.dat
1 16 -2 12 0 0 1 0 3 0 0 0 0 3 4-4edge.dat
1 16 2 12 0 0 1 0 3 0 0 0 0 3 4-4edge.dat
0
