0 Unofficial Model

0 Name: 

0 Author: 

0 Unofficial Model

1   4     0.000000   -10.000000     0.000000     1.000000     0.000000     0.000000     0.000000     1.000000     0.000000    -0.000000     0.000000     1.000000 3622.dat

1   0     0.000000     0.000000     0.000000    -0.000000     1.000000     0.000000    -6.000000    -0.000000     0.000000    -0.000000     0.000000     6.000000 stud2.dat

3   0   141.000000   -33.000000   -31.000000   141.000000    -9.000000   -16.000000   141.000000   -33.000000    -1.000000

3   0   135.000000   -33.000000   -31.000000   135.000000    -9.000000   -16.000000   135.000000   -33.000000    -1.000000